100000000000000011110011000000000000000100000000000000000010000000000000000000000000000000000000000000000000000000000000000000000000000000000000000000000000000000000001111111111111111111111111111111111111110011000000000011111
100000000000000001110011000000000000000000000000000000000000000000000000000000000000000000000000000000000000000000000000000000000000000000000000000000000000000000000001111111111101111111111111111111111100000010000000000000011
100000000000000000111011000000000000000000000000000000000000000000000000000000000000000000000000000000000000000000000000000000000000000000000000000000000000000000000001111111111100111111111111111111110000000010000000000000001
100000000000000000011110110000000000000000000000000000000000100000000000000000000000000000000000000000000000000000000000000000000000000000000000000000000000000000000000111111111100001111111111111111100000000000000000000000001
100000000000000000001110000000000000000000000000000000000000000000000000000000000000000000000000000000000000000000000000000000000000000000000000000000000000000000000000111111111110000111111111111100000000000000000000000000011
100000000000000000001110000000000000000000000000000000000000000000000000000000000000000000000000000000000000000000000000000000000000000000000000000000000000000000000000011111111110000011111111111100000000000000000000000000011
100000000000000000000110000000000000000000000000000000000000000000000000000000000000000000000000000000000000000000000000000000000000000000000000000000000000000000000000001111111110000011111111111000000000000000000000000000111
100000000000000000000110000000000000000000000000000000000000000010000000000000000000000000000000000000000000000000000000000000000000000000000000000000000000000000000000001111111110000111111111110000000000000000000000000000111
000000000000000000000010011000000000000000000000000000000000000000000000000000000000000000000100000000000000000000000000000000000010000000000000000000000000000000000000000111111110000111111111110000000000000000000000000000111
000001000000000000000011000000000000000000000000000000000000000000000000000000000000000000000000000000000000000000000000000000000110000000000000000000000000000000000000000011111110000111111111110000000000000000000000000000111
000011111111111011000011100000000000000000000000000000000000000000000000000000000000111111100000000000000000000000000000000000000110000000000000000000000000000000000000000001111110001111111111110000000000000000000000000000111
000011111111111111111111000000000000000000000000000000000000000000000000000000000000111000000000000000000000000000000000000000000110000000000000000000000000000000000000000000111110001111111111100000000000000000000000000000111
000111111111111111111111110000000000000000000000000000000000000000000000000000000000000000000000000000000000000000000000000000000010000000000000000000000000000000000000000000111111011111111111000000000000000000000000000000111
000111111111111111111111111100000000000000000000000000000000000000000000000000000000000000000000000000000000000000000000000000000000000000000000000000000000000000000000000000011110011111111111000000000000000000000000000000111
001111111111111111111111111100000000000000000000000000000000000000000000000000000000000000000000000000000000000000000000000000000000000000000000000000000000000000100000000000001111011111111110000000000000000000000000000001111
001111111111111111111111111111100000000000000000000000000000000000000000000000000000000000000000000000000000000000000000001100000000000000000000000000000000000000100000000000000111111111111100000000000000000000000000000001111
011111111111111111111111111111111100000000000000000000000000000000000000000000000000000000000000000000000000000000000011110000000000000000000000000000000000000001100000000000000011111111111100000000000000000000000000000001111
011111111111111111111111111111111111111110000000000000000000000000000000000000000000000000000000000000000000000000000100100000000000000000000000000000000000000001100000000000000001111111111100000000000000000000000000000001111
011111111111111111111111111111111111111110000000000000000000000000000000000000000000000000000000000000000000000000001111111110000000000000000000000000000000000001100000000000000000111111111100000000000000000000000000000001111
111111111111111111111111111111111111111100000001000000000000000000000001000000000000000000000000000000000000000001100001111110000000000000000000000000000000000001000000000000000000111111111000000000000000000000000000000001111
111111111111111111111111111111111111110000000001000000000000000000000001000000000000000000000000000000000000000011000000000000000000000000000000000000000000000010000000000000000000011111111000000000000000000000000000000011111
111111111111111111111111111111111111000000000000000000000000000000000110000000000000000000000000000000000000011100000000000000000000000000000000000000000000000010000000000000000000011111111000000000000000000000000000000111111
111111111111111111111111111111111100000000000000000000000000000000001100000000000000000000000000000000000001110000000000000000000000000000000000000000000000000000000000000000000000011111111100000000000000000000000000000111111
111111111111111111111111111111111100000000000001000000000000000000011000000000000000000000000000000000000001110000000000000000000000000000000000000000000000000000000000000000000000001111111101000000000000000000000000000111111
111111111111111111111111111111110000000000000000000000000000000000000000000000000000000000000000000000000000000000000000000000000000000000000000000000000000000000000000000000000000000111111100000000000000000000000000001111111
111111111111111111111111111111110000000000000000000000000000000000000000000000000000000000000000000000000000000000000000000000000000000000000000000000000000000000000000000000000000000011111110000000000000000000000000011111111
111111111111111111111111111110000000000000000000000000000000000000000000000000000000000000000000000000000000000000000000000000011100000000000000000000000000000000000000000000000000000001111110100000000000000000000000011111111
111111111111111111111111111000000000000000000000000000000000000000000000000000000000000000000000000000000000000000000000000000100010000000000000000000000000000000000000000000000000000000111111000000000000000000000000111111111
111111111111111111111111000000000000000000000000000000000000000000000000000000000000000000000000000000000000000000000000000001000001000000000000000000000000000000000000000000000000000000001111100000000000000000000000111111111
111111111111111111000000000000000000000000000000000000000000000000000000000000000000000000000000000000000000000000000000000001000001000000000000000000000000000000000000000000000000000000000011100000000000000000000001111111100
111111111111111000000000000000000000000000000001100000000000000000000000000000000000000000000000000000000000000000000000000001011001000000000000000000000000000000000000000000000000000000000000000000000000000000000011111111000
111111111111000000000000000000000000000000000001100000000000000000000000000000000000000100000000000000000000000000000000000001111011000011000000000000000000000000000000000000000000000000000000000000000000000000000011111100000
111111111100000000000000000000000000000000000000000000000000000000000000000000000000010000000000000000000000000000000000000011111110000111000000000000000000000000000000000000000000000000000000000000000000000000011111100000000
111111110000000000000000000000000000000000000000000000000000000000000000000000000000000000000000000000000000000000000000000110111100000011000000000000000000000000000000000000000000000000000000000000000000000000000000000000000
111111100000000000000000000000000000000000000000000000000000000000000000000000000000000000000000000000000000000000000000001110001000001000000000000000000000000000000000000000000000000000000000000000000000000000000000000000000
111111100000000000000000000000000000000000000000010000000000000000000000000000001000000000000000000000000000000000000000111000011000100000000000000000000000000000000000000000000000000000000000000000000000000000000000000000000
111111100000000000000000000000000000000000000000010000000000000000000000000000000000000000000000000000000000000000000011110100100100000000000000000000000000000000000000000000000000000000000000000000000000000000000000000000000
111111100000000000000000000000000000000000000000010000000000000000000000000000010000000000000000000000000000000000001111110000000110000000000000000000000000000000000000000000000000000000000000000000000000000000001000100000000
111111100000000000000000000000000000000000000000010000000000000000000000000000110000000000000000000000000000000000011111111010011010000000000000000000000000000000000000000000000000000000000000000000000000000000000000000000000
111111100000000000000000000000000000000000000000110000000000000000000000000000111000000000000000000000000000000000111111111111111111000000000000000000000000000000000000000000000000000000000000000000000000000000000000000000000
111111100000000000000000000000000000000000000000010000000000000000000000000000111000000000000000000000000000000001111111111111111111000000000000000000000000000000000000000000000000000000000000000000000000000000110110000000000
111111100000000000000000000000000000000000000000010000000001110000000000001100000000000000000000000000000000000011111111111111111111100000000000000000000000000000000000000000000000000000000000000000000000000000110100000000000
111111110000000000000000000000000000000000000000011000000000000000000000001000000000000000000000000000000000000111111111111111111111110000000000000000000000000000000000000000000000000000000000000000000000000000101100000000000
111111110000000000000000000000000000000000000000011000000011000000000001011000000000000000000000000000000000000111111111111111111101111000000000000000000000000000000000000000000000000000000000000000000000000000101100000000000
111111110000000000000000000000000000000000000000011000000011000000000101011000000000000000000000000000000000001111111111111111111111111000000000000000000000000000000000000000000000000000000000000000000001000001111100000000000
111111110000000000000000000000000000000000000100011100000011000000000011000000000000000000000000000000000000011111111111111111111111111100000000000000000000000000000000000000000000000000000000000000000001000001111000000000000
111111110000000000111100000000000000000000001100011100000010000000111110000000000000000000000000000000000000111111111111111111111111111110000000000000000000000000000000000000000000000000000000000000000000000001111000000000000
111111110000000011110000000000000000000000001100011100000010001111111111100000000000000000000000000000000000111111111111111111111111111110000000000000000000000000000000000000000000000000000000000000000000100001111000000000000
111111110001111111100000000000000000011100000000010000000001111111111111111110000000000000000000000000000001111111111111111111111111111111000000000000000000000000000000000000000000000000000000000000000000000001111000000000000
111111110000111100000000000000000000000011111111010000000011111111111111111111111000000000000000000000000011111111111111111111111111111111000000000000000000000000000000000000000000000000000000000000000000000001110000000000000
111111110000000000000000000000000000000001111111111000001111111111111111111111111110000000000000000000000011111111111111111111111111111111000000000000000000000000000000000000000000000000000000000000000000000000110000000000000
111111110000000000000000000000000000000000001111111100011001011111111111111111111111100000000000000000000111111111111111111111111111111111000000000000000000000000000000000000000000000000000000000000000000000000110000000000000
111111100000000000000000000000000000000000001111111001110111111111111111111111111111111000000000000000001111111111111111111111111111111111100000000000000000000000000000000000000000000000000000000000000000000000110000000000000
111111100000000000000000000000000000000000111111110011000001111111111111111111111111111110000000000000011111111111111111111111111111111111100000000000000000000000000000000000000000000000000000000000000000000000110000000000000
111111000000000000000000000000000000000011111111111110011011111111111111111111111111111111100000000000011111111111111111111111111111111111100000000000000000000000000000000000000000000000000000000000000000000000110000000000000
111111000000000000000000000000000000000011111111111110010111111111111111111111111111111111100000000000111111111111111111111111111111111111110000000000000000000000000000000000000000000000000000000000000000000000110000000000000
111110000000000000000000000000000100011101111111111110100011111111111111111111111111111111110000000000111111111111110111111111111111111111110000000000000000000000000000000000000000000000000000000000000000000000110000000000000
111100000000000000000000000000000000000000000000011111100001111111111111111111111111111111111000000001111111111111110111111111111111111111110000000000000000000000000000000000000000000000000000000000000000000000110000000000000
111000000000000000000000100000000000000000000000001111001000111111111111111111111111111111111100000001111111111111110111111111111111111111110000000000000000000000000000000000000000000000000000000000000000000000110000000000000
110000000000000000001000000000000000000000000000011110101100111111111111111111111111111111111110000011111111111111110111111111111111111111111000000000000000000000000000000000000000000000000000000000000000000001110000000000000
100000000000000010011000000000000000000000000011011100111111111111111111111111111111111111111111000011111111111111111111111111111111111111111000000000000000000000000000000000000000000000000000000000000000011011111000000000000
000000000000001111111000000000000000000000000000111110110111111111111111111111111111111111111111100111111111111111111111111111111111111111111000000000000000000000000000000000000000000000000000000000000000011011111000000000000
000000000000111110000000000000000011000000000000011110110111111111111111111111111111111111111111111111111111111111111111111111111111111111111100000000000000000000000000000000000000000000000000000000000000011110011000000000000
000000011111111100000000000000000000000000000000111111011111111011111111111111111111111111111111111111111111111111111111111111111111111111111100000000000000000000000000000000000000000000000000000000000000111110011100000000000
000001111111110000000000000000000000000000000000011111111111111011111111111111111111111111111111111111111111111111111111111111111111111111111100000000000000000000000000000000000000000000000000000000000000110100011000000000000
111111111110000000000000000000000000000000000000011111111111111111111111111111111111111111111111111111111111111111111111111111111111111111111100000000000000000000000000000000000000000000000000000000000000110100011000000000000
111111111100000000000000000000000000000000000000011111111111111111111111111111111111111111111111111111111111111111111111111111111111111111111110000000000000000000000000000000000000000000000000000000000000110110011000000000000
111111110000111000000000000000000000000000000000011111111111111111111111111111111111111111111111111111111111111111111111111111111111111111111110000000000000000000000000000000000000000000000000000000000000110010011100000000000
111111110001111000000000000000000000000000000000011111111111111111111111111111111111111111111111111111111111111111111111111111111111111111111110000000000000000000000000000000000000000000000000000000000000110010001100000000000
111111001111110000000000000000000000000000000000011111111111111111111111111111111111111111111111111111111111111111111111111111111111111111111110000000000000000000000000000000000000000000000000000000000000110010001100000000000
111111111111110000000000000000000000000000000000011111111111111111111111011111111111111111111111111111111111111111111111111111111111111111111110000000000000000000000000000000000000000000000000000000000000110010001110000000000
110000111111110000000000000000000000000000000000011111111111111011111111001111111111111111111111111111111111111110111111111111111111111111111111000000000000000000000000000000000000000000000000000000000000110010001111100000000
000011111110000000000000000000000000000000000000001111111111111111111111111111111111111111111111111111111111111001111111111111111111111111111111000111111111111000000000000000000000000000000000000000000000010000000000000000000
000011111111000010000000000000000000000000000000001111111111111001111111111111111111111111111111111111111111111001111111111111111111111111111110111111111111111111111111001000000000000000000000000000000000010000000000000000000
000111110011100000000000000000000000000000000000001111111111111111111111011111111111111111111111111111111111111000111111111101111111111111111111111111111111111111111111111111110000000000000000000000000000011000000000000000000
011111110001111000000000000000000000000000000000001111111111111111111111011111111111111111111111111111111111111000111111111101111111111111111111111111111111111111111111111111111100000000000000000000000000011100000000000000000
111111100001110000000000000000000000000000000000001111111111111111111111111111111111111111111111111111111111111000111111111101111111111111111111111111111111111111111111111111111111111000000000000000000000001100000000000000000
111111100000000000000000000000000000000000000000000111111111111111111111111111111111111111111111111111111111111001111111111111111111111111111111111111111111111111111111111111111111111110000000000000000000001100000000000000000
111110011100000000000000000000000000000000000000000111111111111111111111111111111111111111111111111111111111111011111111111111111111111111111111111111111111111111111111111111111111111111100000000000000000001100000000000000000
110000011100000000000000000000000000000000000000000111111111111111111110111111111111111111111111111111111111111011111111001111111111111111111111111111111111111111111111111111111111111111110000000000000000001100000000000000000
011000111000000000000000000000000000000000000000000011111111111111111111111111111111111111111111111111111111110000001111110011111111111111111111111111111111111111111111111111111111111111111100000000000000000100011000000000000
000000100000000000000000000000000000000000000000000011111111111111111111111111111111111111111111111111111111110000001111011011111111111111111111111111111111111111111111111111111111111111111110000000000000000010011010000000000
100011000000000100000000000000000000000000000000000011111111111111111111111111111111111111111111111111111111110000001111011111111111111111111111111111111111111111111111111111111111111111111111000000000000000011001110000000000
000010000000000000000000000000010000000000000000000011111111111111111111111111111001111111111111111111111111110000001110011111111111111111111111111111111111111111111111111111111111111111111111100000000000000001110011000000000
000100000000000000000000000111000000000000000000000011111111111111111111111111110000111111111111111111111110000000000100011111111111111111111111111111111111111111111111111111111111111111111111110000000000000000111011100000000
000000000001100000000000000110000000000000000000000001111111111111111111111100000000011111111111111111111110000000000000011111111111111111111111111111111111111111111111111111111111111111111111110000000000000000011011110000000
000000000001000000000000000000000000000000000000000001111111111111111111111000000000011111111111111111111110000000000000111111111111111111111111111111111111111111111111111111111111111111111110011000000000000000001110110000000
000000000000000000000000000100000000000000000000000001111111111111111111111000000000000111111111111111111110000000000000110111111111111111111111111111111111111111111111111111111111111111111111111000000000000000001110111000000
000000000000000000000000000000000000000000000000000001111111111111111111110000000000000111111111111111111100000000000000011111111111111111111111111111111111111111111111111111111111111111111111111000000000000000000111111100100
000000000000000000000000000000000000000000000000000000111111111111111111110000000000000111111111111111111000000000000000011111111111111111111111111111111111111111111111111111111111111111111111111000000000000000000011111100010
000000000000000000000000000000000000000000000000000000111111111111111111110000000000000111111111111111110000000000000000011111111111111111111111111111111111111111111111111111111111111111111111111000000000000000000001111110010
000000000000000000000000000000000000000000000000000000011111111111111111110000000000000111111111111111100000000000000000111111111111111111111111111111111111111111111111111111111111111111111111111000000000000000000000111111010
000000000000000000000000000000000000000000000000000000011111111111111111110000000000000111111111111110000000000000000000111111111111111111111111111111111111111111111111111111111111111111111111111000000000000000000000111111000
000000000000000000000000000000000000000000000000000000011111111111111111111110000000000111111111111100010000000000000001111111111111111111111111111111111111111111111111111111111111111111111111111000000000000000000000011111110
000000000000000000000000000000000000000000000000000000001111111111111111111110000000000011111111111100111000000000000011111111111111111111111111111111111111111111111111111111111111111111111111111000000000000000000000001111110
000000000000000000000000000000000000000000000000000000001111111111111111111110000000000011111111111111111000000000000011111111111111111111111111011111111111111111111111111111111111111111111111111000000000000000000000000111111
000000000000000000000000000000000000000000000000000000000111111111111111111110000000000111111111111111110110000000000011111111111111111111111110111111111111111111111111111111111111111111111111111000000000000000000000000011111
000000000000000000000000000000000000000000000000000000000111111111111111110011000000000111111111111111111110011000000011111111111111111111111111111111111111111111111111111111111111111111111111111000000000000000000000000001111
000000000000000000000000000000000000000000000000000000000011111111111111111000000000001111111111111111111111111011001111111111111111111111111111111111111111111111111111111111111111111111111111110000000000000000000000000000111
000000000000000000000000000000000000000000000000000000000011111111111111111100000000011111111111111111111111111111111111111111111111111111110111110111111111111111111111111111111111111111111111110000000000000000000000000000111
000000000000000000000000000000000000000000000000000000000001111111111111111111100000011111111111111111111111111111111111111111111111111111110111110111111111111111111111111111111111111111111111110000000000000000000000000000011
000000000000000000000000000000000000000000000000000000000001111111111111111111100000111111111111111111111111111111111111111111111111111111111111110111111111111111111111111111111111111111111111100000000000000000000000000000001
000000000000000000000000000000000000000000000000000000000001111111111111111110000000111111111111111111111111111111111111111111111111001111111111101111111111111111111111111111111111111111111111100000000000000000000000000000000
000000000000000000000000000000000000000000000000000000000001111111111111111111100000111111111111111011100111111111111111111111111110000010111001001111111111111111111111111111111111111111111111000000000000000000000000000000000
000000000000000000000000000000000000000000000000000000000000011111111111111111000011111111111111111101110111111111111111111111111110000000110000111111111111111111111111111111111111111111111111000000000000000000000000000000000
000000000000000000000000000000000000000000000000000000000000001111111111111111000011111111111111111001110111111111111111111111111110000000000000111111111111111111111111111111111111111111111110000000000000000000000000000000000
000000000000000000000000000000000000000000000000000001000000001111111111111111011111111111111111111000111011111111111111111111111111000000000000111111111111111111111111111111111111111111111100000000000000000000000000000000000
000000000000000000000000000000000000000000000000000010000000000111111111111111111111111111111111110000111001111111111111111111111111000000000011111001111111111111111111111111111111111111111010000000000000000000000000000000000
000000000000000000000000000000000000000000000000000000000000011111111111111111111111111111111111110000111001111111111111111111111111000000000011110001111111111111111111111111111111111111110000000000000000000000000000000000000
000000000000000000000000000000000000000000000000000000000001111101111111111111111111111111111111110000111101111111111111111111111111000000000011001111111111111111111111111111111111111111100000000000000000000000000000000000000
000000000000000000000000000000000000000000000000000000000111111100111111111111111000111111111111100000111101111111111111111111111111000000000011011111111111111111111111111111111111111111000010111000000000000000000000000000000
000000000000000000000000000000000000000000000000000000001111111110111111111111110000111111111111100000011101111111111111111111111110000000000011111001111111111111111111111111111111111111000001110000000000000000000000000000000
000000000000000000000000000000000000000000000000000000011111111111111111111111110000111111111111000000011111111111111111111111111110000000000011000110010111111111111111111111111111111110000000000000000000000000000000000000000
000000000000000000000000000000000000000000000000000000111111111111111111111111110000111111111111000000111111111111111111111111111110000000000000000111111111111111111111111111111111111000000000000000000000000000000000000000000
000000000000000000000000000000000000000000000000010101111111111111111111111111110000011111111111000000011111111111111111111111111110000000000000000111111111111111111111111111111111110000000000000000000000000000000000000000000
000000000000000000000000000000000000000000001000011101111111111111111111111111110000011111111111100000011111111111111111111111111111000000000000001111111111111111111111111111111111100000000000000000000000000000000000000000000
000000000000000000000000000000000000000000011000011111111111111111111111111111110000011111111111100000011111111111111111111111111111000000000000011111111111111111111111111111111111000000000000000000000000000000000000000000000
000000000000000000000000000000000000000000011000011111111111111111111111111111110000011111111111100000011111111111111111111111111110010000000000111111111111111111111111111111111111000000000000000000000000000000000000000000000
000000000000000000000000000000000000000000111000011111111111111111111111111111111101111111111111100000001111111111111111111111111111110000000000111111111111111111111111111111111110000000000000000000000000000000000000000000000
000000000000000000000000000000000000000000100100001111111111111111111111111111111101111111111111100000000111111111111111111111110011110000000000111111111111111111111111111111111000000000000000000000000000000000000000000000000
000000000000000000000000000000000000000010110000011111111111111111111111111111111111111111111111100001001111111111111111111111000111110000000001111111111111111111111111111111110000000000000000000000000000000000000000000000000
000000000000000000000000000000000000000010110000111111111111111111111111111111111111111111111111100001011111111111111111111110000111111111110001111111111111111111111111111111100000000000000000000000000000000000000000000000000
000000000000000000000000000000000000000000000001111111111111111111111111111111111111111111111101100011111111111111111111111000000111111111110001111111111111111111111111111110000000000000000000000000000000000000000000000000000
000000000000000000000000000000000000000100000011111111111111111111111111111111111111111111111001100111111111111111111111110000000111111111111001111111111111111111111111111100000000000000000000000000000000000000000000000000000
000000000000000000000000000000000000001100000011111111111111111111111111111111111111111111111000100111111111111111111111110000011111111111111111111111111111111111111111111000000000000000000000000000000000000000000000000000000
000000000000000000000000000000000000001100011111111111111111111111111111111111111111111111111101111111111111110011111111101000111111111111111111111111111111111111111111100000000000000000000000000000000000000000000000000000000
000000000000000000000000000000000000011011111111111111111111111111111111111111111111111111111101111111111111100111111111101111111111111111111111111111111111111111111110100000000000000000000000000000000000000000000000000000000
000000000000000000000000000000000000110011111111111111111111111111111111111111111111111111111111111111111011000111111111111111111111111111111111111111111111111111111001100000000000000000000000000000000000000000000000000000000
000000000000000000000000000000000000100011011111111111111111111111110111111111111111111111111111011111111100011111111111111111111111111111111111111111111111111111111111100000000000000000000000000000000000000000000000000000000
000000000000000000000000000000000001100001111111111111111111111111111111111111111111111111111111011111000000001111111111111111111111111111111111111111111111111111111111100000000000000000000000000000000000000000000000000000000
000000000000000000000000000000000001110000001111111111111111111111111111110111111111111111111110000000000000011111111111111111111111111111111111111111111111111111111111110000000000000000000000000000000000000000000000000000000
000000000000000000000000000000000011100000011111111111111111111111111110111011111111111111111111100000000000111111111111111111111111111111111111111111111111111111111111111000000000000000000000000000000000000000000000000000000
001100000000000000000000000000000011100000011111111111111111111111111100111011111111111111111111100000000001111111111111111111111111111111111111111111111111111111111111111100000000000000000000000000000000000000000000000000000
101111000000000000000000000000000011100000011111111111111111111111111111111111111111111111111001000000001001111111111111111111111111111111111111111111111111111111111111111110000000000000000000000000000000000000000000000000000
000111000000000000000000000000000011100000011111111111111111111111111111111111110111111111111010000000000011111111111111111111111111111111111111111111111111111111111111111111000000000000000000000000000000000000000000000000000
001111100000000000000000000000000001100000011111111111110111111111111111111111111111111100111110000000000111111111111111111111111111111111111111111111111111111111111111111111100000000000000000000000000000000000000000000000000
000001110000000000000000000000000110000000011111111111111111111111111111111111111111110000011110000001100111110111111111111111111111111111111111111111111111111111111111111111100000000000000000000000000000000000000000000000000
111000110000000000000000000000000110000000111111111111111111111111111111111111111111000000011111111011111111100011111111111111111111111111111111111111111111111111111111111111110000000000000000000000000000000000000000000000000
111100010000000000000000000000000100000000111111111111111111111111111111111111111100000000001111111011111111111111111111111111111111111111111111111111111111111111111111111111111000000000000000000000000000000000000000000000000
000110001000000000000000000000010100000000111111111111111111111111111111111111111100000000001111111111110000001111111111111111111111111111111111111111111111111111111111111111111100000000000000000000000000000000000000000000000
000011000000000000000000000000011100000000111111111111111111111111111111111111111111000000001111111111110000000011111111111111111111111111111111111111111111111111111111111111111100000000000000000000000000000000000000000000000
000001100000000000000000000000011100000000111111111111111111111111111111111111111111111000001111111111111100000000011111111111111111111111111111111111111111111111111111111111111110000000000000000000000000000000000000000000001
000000110000000000000000000000001100000000111101111111111111111111111111111111111111111111001111111111111110000000000011111111111111111111111111111111111111111111111111111111111111000000000000000000000000000000000000000000011
000000010010000000000000000000000000000001111011111111111111111111111111111111111111111111111111111111101100000000000000111111111111111100111111111111111111111111111111111111111111000000000000000000000000000000000000000000100
000000000100000000000000000000001000000011111101111111110111111111111111111111111111111111111111111111000000000000000000011111111111111111011111111111111111111111111111111111111111100000000000000000000000000000000000000000000
000000000110000000000000000000001110000110110111110111111100111111111111111111111111111111111111111111100000000000000000011111111111111111111111111111111111111111111111111111111111110000000000000000000000000000000000000000000
010000000011000000000000000000000010000110111110111111111111111111111111111111111111111111111111111111111111100000000000011111111111111111111111111111111111111111111111111111111111110000000000000000000000000000000000000010000
000000000011100000000000000000000100000110111111111111111111111111111111111111111111111111111111111111111111111000111111111111111111111111111111111111111111111111111111111111111111111000000000000000000000000000000000000110000
000000000000111000000000000000000000000110011110010011111111111111111111111111111111111111111111110000000011111111111111111111111111111111111111111111111111111111111111111111111111111100000000000000000000000000000000000100000
000010000000000000000000000000000000000011111111111111111111111111111111111111111111111111111111111001000001111000111111111111111111111111111111111111111111111111111111111111111111111100000000000000000000000000000000001100000
000000000000000000000000000000000000000000110000000110000000001111111111111111111111111111111111111111011000111000000011111111111111111111111111111111111111111111111111111111111111111100000000000000000000000000000000001000000
000000000000000000000000000000000000000000000000000000000000000000111111111111111111111111111111111110010000011100110011111111111111111111111111111111110111111111111111111111111111111110000000000000000000000000000000011000010
000000001000000000000000000000000000000000000000000000000000000000011111111111111111111111111111111111100000000000000001111111111111111111111111111111111111111111111111111111111111111110000000000000000000000000000000100000000
000000000000000000000000000000000000000000000000000000000000000000000111111111111111111111111111111111000000000000000001111111111111111111111111111111111111111111111111111111111111111110000000000000000000000000000000100000000
111000000000000000000000000000000000000000000000000000000000000000000111111111111111111111111111111111000000000000000001111111111111111111111111111111111111111111111111111111111111111111000000000000000000000000000001100000000
011100000000000000000000000000000000000000000000000000000000000000000011111111111111111111111111111111000000000000000001111111111111111111111111111111111111111111111111111111111111111111101111000000000000000000000001100000000
001110000000000000000000000000000000000000000000000000000000000000000000111111111111111111111111111111110000000000100001111111111111111111111111111111111111111111111111111111111111111101111111100000000000000000000010100000000
001111000000000000000000000000000000000000000000000000000000000000000000011111111111111111111111111111111000000001110001011111111111111111111111111111111111111111111111111111111111111111110000110000000000000000000010100000000
000111000000000000000000000000000000000000000000000000000000000000000000001111111111111111111111111111111000000001110000011111111111111111111111111111101111111111111111111111111111111111110000110000000000000000000010110000000
000111000000000000000000000000000000000000000000000000000000000000000000000000000000000001111111111111111000000011110000101111111111111111111111111100000010011101111111111111111111111111111110110000000000000000000010110000000
000011000000000000000000000000000000000000000000000000000000000000000000000000000000000000111111111111111111100001110000111111111111111111111111110000100000000011111111111111111111111111111000110000000000000000000010000100000
000011000000000000000000000000000000000000000000000000000000000000000000000000000000000000011111111111111111100001110000011111111111111111111111110110110000000000000111111111111111111111111111100000000000000000000011000100000
000011000000000000000000000000000000000000000000000000000000000000000000000000000000000000001111111111111111100001111000011111111111111111111111111101110000000000000000011111111111111111101111000000000000000000000011000000000
000110000000000000000000000000000000000000000000000000000000000000000000000000000000000000000111111111111111100000111000011111111111111111111111011110000000000000000000000000000000000000000000000000000000000000000011000000000
000110000000000000000000000000000000000000000000000000001000000000000000000000000000000000000011111111111111100000111000111111111111111111111111110110100000000000000000000000000000000000000000000000000000000000000011000000000
000000000000000000000000000000000000000000000000000000000000000000000000000000000000000000000001111111111111000000111100111111111111111111111101011011001000000000000000000000000000000000000000000000000000000000000011100000000
000000000000000000000000000000000000000000000000000000000000000000000000000000000000000000000000111111111110011000111100111111111111111111111101011110010000000000000000000000000000000000000000000000000000000000000011100000001
000000000000000000000000000000000000000000000000000000000000000000000000000000000000000000000001011111111110011000111100111111111111111111111010111100100000000000000000000000000000000000000000000000000000000000000010111000100
000000000000000000000000000000000000000000000000000000000000000000000000000000000000000000000010011111111111011000011110110011111111111111111001011111110000000000000000000000000000000000000000000000000000000000000010101100001
000000000000000000000000000000000000000000000000000000000000000000000000000000000000000000000000011111111110100100011110110011111111111111101011011111100000000000000000000000000000000000000000000000000000000000000010101100001
000000000000000000000000000000000000000000000000000000000000000110000000000000000000000000000000111011111111010000001100000000111111111111000111011111000000000000000000000000000000000000000000000000000000000000000011100100000
000000000000000000000000000000000000000000000000000000001000000010000000000000000000000000000000111101111111111101001101000100111111111110001011111111000000000000000000000000000000000000000000000000000000000000000011100100001
000000000000000000000000000000000000000000000000000000000000000000100000000000000000000000000000011110011111101100000101100110111111111100001001111111000000000000000000000000000000000000000000000000000000000000000011100100000
000000000000000000000000000000000000000000000000000000000000000100011000000000000000000000000000110101011111111100000001100111111111111100000111111111100000000000000000000000000000000000000000000000000000000000000001000100001
000000000000000000000000000000000000000000000000000000000000000100001100000000000000000000000001111100100011111110000000110001111111110010001110111111110000000000000000000000000000000000000000000000000000000000000001000100000
000000000000000000000000000000000000000000000000000110010000110000000111100000000000000000000001111010001001111111100010010001111111110101000100111111110000000000000000000000000000000000000000000000000000000000000001000100000
000000000000000000000000000000000000000000000000000000000000000000100011110000000000000000000011110001000000011111111001000111111111010110000111111111110010000000000000000000000000000000000000000000000000000000000001101100000
000000000000000000000000000000000000000000000000000000000000000000000100111000000000000000000111110001000001001111101100011001111100010010000111111111100000000000000000000000000000000000000000000000000000000000000001111100000
000000000000000000000000000000000000000000000000000000100000000100000110011110000000000000000111110001000000000011111111000011110000100000000111111111100000000000000000000000000000000000000000000000000000000000000000110000000
000000000000000000000000000000000000000000000000000000011000000010000011001111000000000000000111110000000000100000011111111111100000100000000111111111100000000000000000000000000000000000000000000000000000000000000000110000000
000000000000000000000000000000000000000000000000000000001000000000000001001111110000000000000111100000000011100000000001001110000000000000000110111111100000000000000000000000000000000000000000000000000000000000000000110000000
000000000000000000000000000000000000000000000000000000000100000000100000111111111000000000001111100000000010100000000000000001100001000000000110111111100000000000000000000000000000000000000000000000000000000000000000010000000
000000000000000000000000000000000000000000000000000000000010000000000000000111111100000000001110100000000111000000000000000001001000000000000110111111100000000000000000000000000000000000000000000000000000000000000000011000000
000000000000000000000000000000000000000000000000000000000001100000001100001111111110000000001110100000000100000000000000000011000000000000000110111111100000000000000000000000000000000000000000000000000000000000000000011000000
000000000000000000100000000000000000000000000000000000000001100000000000000111001111000000000100100100000000000000000000000010000000000000000011111111111000000000000000000000000000000000000000000000000000000000000000011100000
000000000000000000110000000000000000000000000000000000000000110000000010000011111111000000000110011100000000000000000000000010000000000000000111111111110000000000000000000000000000000000000000000000000000000000000000001100000
000000000000000000011000000000000000000000000000000000000000010000000011000011111111000000000111010000000000000000000001000010000000000000001111111111110000000000000000000000000000000000000000000000000000000000000000001100000
000000000000000100011100000000000000000000000000000000000000001000000001100011111111000000000111000000000000000000000000000010000000000000001111111111110000000000000000000000010000000000000000000000000000000000000000001100000
000000000000000100001110000000000000000000000000000000000000000100000001110001111111000000000000000000000000000000000000000010011000000000011111101111110000000001000000000000101000000000000011110000000000000000000000001100000
000000000000000100000111000000000000000000000000000000000000000010000000111100001111000000000000000000000000000000000000000000011100000000001111000111110000000001000000000001100110000000000001100000000000000000000000001100000
000000000000000010000011000000000000000000000000000000000000000000000000011110000111000000000000000000000000000000000000000000001100000000001111000111110000000000000000000011100000110000000000000000000000000000000000001000000
000000000000000010000011000011000000000000000000000000000000000101000000001110000011000000000000000000000000000000000000100000000000000000001111000111110000010000000000000111000000011100000000000000000000000000000000001000000
000000000000000001000100010000000000000000000000000000000000000001100001000111000011000000000000000000000000000000000000001100000110000010000000011111100000001000000000001110000000011111000000000000000000000000000000001000000
000100010000000000000000011000000000000000000000000000000000000000100000000111000011000000000000000000000000000000000000001100000110000000000000011111110000001000000000011100000000001111100100000000000000000000000000000000000
100110010000000000100000001100010000000000000000100000000000000000110000000011100000000000000000000000000000000000000000000100000110000000000000000001100000001000000000011000000000000011111000000000000000000000000000000000000
100011001000000000100000000110000000000000000000100000000000000000011000000001110000000000000000000000000000000000000000000000000110100000000000000001100000000000000000111000000000000111111000000000000000000000000000000000000
100000001100000000000001000111000000000000000000000000000000000000001100000000110000000000000000000000000000000000000000000000000110100000000000000011100000000000000001110000000000000111111110000000000000000000000000000000000
110000000100000000000001100011000000000000000000000000000000000000001100000000111100000000000000000000000000000000000000000000000110000000001100111111110000000000000011100000100000000111111111000000000000000000000000000000000
011000000110000000001001000001100000000000000000000000000000000000000110000100011100000000000000000000000000000000000000000100000110000000001110111111110000000000000111100000000000000011111111100000000000000000000000000000000
011000000010000000001101000001110000000000000000000010000000000000000001000110001100100000000000000000000000000000000000000100000110000000001110000011110000000000001111100000000000001111111111110000000000000000000000000000000
001100000000000010001111000000001000000000100000000011000000000000000011000111001110000000000000000000000000000000000000001000000110000000001110100000111000000000011111100000000000001111111111111000000000000000000000000000000
001100000000000000000111000000001100000000100000000001000000000000000001000111001111000000000000000000000000000000000000001000000110000000000110100001111000000000111111100000000000001111111111111100000000000000000000000000000
000111000000000000000111000000001110000000000000000000100000000000000000110011101111000000000000000000000000000000000000001000000110000010000000100001111000000100111111100000010000001111111111111100000000000000000000000000000
000001000000000000100011000000001111110000000000000000111000000000000000111001100011000000000000000000000000000000100000000000000110000010000000100001111011000101111111100000010000001111111111111110000000000000000000000000000
000000100000001100000001000000001111111000000000000000011100001000000000011001110011000000000000000000001000000000100000000000000110000010000100000011111011000001111111100000010000000101111111111111000000000000000000000000000
000000011000001100000001000000000111111000001100000000011100001000000000011100110011000000000000000000001100000000100000000000000110000000000110001101111011000001111111100000000000000111111111111111100000000000000000000000001
000000000000000010000000000000000011111000001100000000001110000000000000001110000000000000000000000000000111000000100000000001100011000000000110001100111011000011111111100000000000000111111111111111110000000000000000000000001
000000000011000000000000000000000011110000001100001000001110000000000000001110000000000000000000000000001001111011110000000001100011000000000111000000011011000011111100100000000010000110111111111111110000000000000000000000001
000000000001000000000000000000111001111000011111000000000011101100010000001111101100000000000000000000000110011011110100000001110110000010000110000100111000100111111110000000000000000011111111111111111000000000000000000000000
000000000000111000000001000000011001111111111111000000000011111100000000000111001000000000000000000000000111011000101111111000010111000000000010000110110000000111111110000000001000000000111111111111111001000000000000000000000
000000000000000100010000001000000000111111111111110000000001111110000000000011000000000000000000000000000011000000000011111111110110000000000010000110111001000111111110000000001000000100111111111111111100000000000000000000011
000000000000000011000000000000000000111111111111111100001000111111000100000011000000000000000000000000000011100110000001111111111111000000000011000110111000000111111111100000001000000111111111111111111110000000000000000000010
000000000000000000110000000000010000011111111111111111111000111111000100000011000000000000000000000000000001110110011011111111111111110000000011000011111100001111111111100000001000000111111111111111111111000000000000000000000
000000000000000000001100000000010010001111111111111111111100111111000000000011110000000000000000000000000000111110110000111111111111111111000011000011111100001111111111100000001001000111011111111111111111000000000000000000000
000000000000000000000100000000000111000011111110111111111111111111000000000001110000000000000000000000000000111111110000111111111111111111100001000011111000011111111111110000001101000111011111111111111111100000000000000000000
000000000000000000000001000000000111000011111110111111111111011111000001101101110000000000000000000000000000011100000001011011111111111111111110000011111000011111111101110000001111000111111111111111111111100000000000000000000
000000000000000000000001100000000111100001111110111111111111111111100000110011111100000000000000000000000000011110011100111111111111111111111111100010011010011111111001110000000000000111011111111111111111110000000000000000000
000000000000000000000000100100000011100000111111111111111111111111100000110111111100000000000000000000000000011110011101001111111111111111111111110011111000111111111000010000001011100111011111111111111111111000000000000000000
000000000000000000000000000000000000111000011111111111001111111111110000011111111100000000000000000000000000001111011101001111111111111111111111111111111000111111111000000000011111110101001111111111111111111000000000000000000
000000000000000000000000011000000000011100011111111110001111111111111000001110111100000000000000000000000000000111111111001111111111111111111111111111111100111111111110000000010011110100001111111111111111111000000000000010000
000000000000000000000000001000000000011110000111111111001111111111111100001110111100000000000000000000000000000011111011110011111111111111111111111111100001111111111110000000010011100000011111111111111111111100000000001111000
000000000000000000000000001000000000001111000111111111111111111111111100001111001100000000000000000000000000000011111001110001111111111111111111111111111001111111111111000000000011100000111111111111111111111110000001110000011
000000000000000000000000000000000000000111100111111111111111111111111110000111001100000000000000000000000000000011101001110001111111111111111111111111111111111111111110000000000011100000111111111111111111111110000101000001111
000010000000000000000000000100000000000100111001111111111111111111111110000111001110000000000000000000000000000001101001000000111110111111111111111111111111111111111100000000000011100001111111111111111111111110000100011111111
000011010000000000000000000000000000000011111100111111111011111111111111100111000111100000000000000000000000000001111111111111111110111111111111111111111111111111111111000000000000100001111111111111111111111111110011111111111
